93456
51186
50679
36944
35975
32252
28661
26453
29206
27137
26364
24035
24230
24841
23609
24340
24341
22994
22316
23449
23976
23283
23456
20251
17404
21538
16960
16226
20106
18899
19581
19145
18929
17717
20083
15688
20553
18864
17104
14721
18833
17396
17913
18573
18597
18756
19812
17928
19610
16540
18209
17378
16132
18825
17093
20241
16604
19325
15684
16646
15131
16719
17528
15010
15213
16295
16265
13969
15011
15634
17447
13575
15662
13472
16124
14163
14224
14705
17526
15359
19265
13718
14908
16386
15280
16159
16061
14855
14028
13158
14260
13375
16825
13771
14859
16807
15079
13543
15432
15898
19056
19171
17643
19717
17068
17668
20443
21249
19748
19448
21641
19672
16734
19712
20801
19890
18787
18834
19584
17412
20341
17913
20548
20204
15959
19282
19627
19849
20752
18820
16917
20305
20475
21113
23704
19581
16397
17476
20176
21352
20578
20214
20046
18997
21637
18338
16642
17065
17629
20424
19751
18896
19610
20002
16141
18868
18041
19985
20192
20015
21710
20108
17898
22103
20503
23334
20174
20932
18368
19953
20452
20688
21192
21924
16618
20721
20623
19125
22073
20589
18821
20945
19815
20429
19813
18734
20334
20324
20516
20391
17758
19087
19313
19911
18718
20507
22526
18275
19253
21321
20897
21328
20674
21339
19543
20829
20388
20330
24865
20312
20949
18201
21345
22994
17385
18626
21884
21031
23661
20801
20971
19762
19596
24973
18597
23221
20999
17638
21192
19255
19372
22370
20348
20494
23874
23146
20787
24383
16819
21919
23808
18721
18413
19552
22893
21555
23678
21599
21628
23081
22933
23180
20877
20891
23118
21722
21886
22799
20903
19911
21516
22817
22154
23853
23713
21361
20470
22052
20936
20238
19245
21577
22540
22285
22892
22301
21540
21180
23008
21880
18865
21501
23131
23129
19511
21640
22332
19065
23561
19393
21094
18929
19780
29713
18305
17703
22760
27223
19275
22199
22094
27552
31331
18928
17590
25402
25518
31084
30505
20927
29018
29993
19809
23816
31075
29534
32137
17021
30822
25390
18158
30296
30763
28341
26912
34680
31947
31082
34061
30876
32847
29806
31248
32313
29097
31562
27226
31279
31190
28300
29267
27465
34952
32557
34489
24652
25829
29528
29816
30861
29293
30299
33747
31628
29518
24097
25443
33288
33841
33760
30861
31004
33119
32424
32402
30397
28687
35565
25645
31099
33021
29319
34250
34058
32549
34240
31969
34855
33064
26012
32230
26779
31375
33844
27069
31630
35142
28326
28942
13790
29836
26079
29895
28005
27718
28732
25374
28641
23761
26130
24473
25355
25796
27549
22629
19842
21394
26393
29303
28352
27455
230
12270
16872
17482
24784
22472
23214
23415
22770
24730
18353
20194
22577
20863
21524
21933
21972
21735
23851
22030
21598
22593
23524
21928
22666
20359
21790
21192
21433
21298
18928
29119
20491
21528
21388
20929
19790
20856
19971
23597
22146
23348
18314
21222
18142
21257
27780
19612
20418
28183
20125
20064
19916
20452
24740
25386
18448
26619
24520
30923
15280
25887
25525
25319
16766
16633
22781
21135
27183
20871
23059
20182
17267
20721
28744
25735
29233
21946
29938
21614
14806
19072
29830
30394
14566
25191
31142
26654
28318
32229
18308
14449
26684
26971
13390
29858
24064
22786
22170
34428
22179
28998
28564
26656
29277
31983
30382
30087
26808
29897
26132
29102
32330
28046
39541
25887
18034
32039
30162
30897
25249
29932
31568
22515
27685
37108
38049
24354
22111
39863
24610
28829
30407
39201
30477
37372
14538
23284
35687
35554
30039
35312
25277
24717
37746
38855
29707
37618
12674
29395
34928
35590
28801
19476
15490
46133
27225
36378
22074
26580
22361
22858
23928
22864
32206
23029
30810
29184
25355
29883
30410
36655
30075
21501
35562
31355
40788
1800
31231
41692
195
190
191
196
15814
36431
23952
29310
23544
17703
27561
23669
30952
30549
26361
23251
34787
31760
34112
34647
37052
39764
34354
22827
33255
31979
35814
31034
20225
34778
30534
31407
42039
40563
30180
30894
23461
37545
23414
31487
32681
26176
26445
36811
35338
38657
30433
29739
23717
39720
30390
38061
28245
35144
33045
36450
38673
17633
20341
37019
28598
36099
21871
33350
38144
35675
31080
26747
26740
37289
31726
36795
25187
36402
20240
34947
26933
30876
36611
36442
36453
31945
29518
36766
19119
30955
34623
34530
32251
28332
35056
23042
32515
24816
38676
33108
34264
30959
32680
32816
31738
31134
37042
33070
40154
33347
32232
25402
24530
38600
31735
36137
32163
34295
30158
28942
23627
35830
30532
18454
36256
22045
24077
36926
34321
33604
33897
21305
34291
35655
22706
34607
44411
22813
33928
28527
31031
22847
26891
31021
32010
32714
30091
23896
19484
25132
24135
29372
34640
36402
38428
24020
23697
23233
32976
28631
23007
20363
23449
26517
31188
26916
25691
27879
24401
26732
32729
31048
29669
27252
28918
28701
32524
21357
24446
23498
25831
25253
30723
24516
29906
30356
39614
30273
27712
27367
21130
25667
26767
37236
37098
32636
30257
37990
37979
21256
35186
26101
21046
23989
28414
30762
20753
37897
34915
25206
25104
37897
33536
22899
35014
23274
37457
19657
31835
21839
40877
33336
36083
24250
39611
27490
23444
29321
33916
27655
23142
30966
20462
17324
35630
36786
35343
39562
21488
27358
22788
32373
23580
34230
35195
39139
11726
33868
34627
25214
25972
32191
27486
35307
31276
40311
24879
32241
31722
34563
30614
19254
48275
23530
28136
46166
28641
31615
35861
38099
18728
26979
42687
26559
29605
26933
40460
27446
24559
38004
29604
41306
33189
24616
32211
44182
36772
26724
28730
23222
35535
32670
36869
11602
35629
26053
26068
20416
10653
5787
24429
42558
36443
36474
27422
20707
35637
31430
34470
14655
36036
15242
33670
37576
199
5952
22716
32838
30110
31298
25917
31162
6523
31945
14033
26376
24644
30098
888
10883
31345
28860
22785
31518
34136
33914
31164
29313
29431
31131
29569
29153
30293
12456
6695
12202
26503
29793
30138
19432
1555
11055
26987
26680
20205
24278
23365
20187
25867
26051
24546
23576
22870
24503
23534
24289
23523
21022
20757
20710
3187
23093
23200
23386
21200
20683
23051
16306
20700
22888
21396
22879
22568
1324
19770
19891
19255
18704
19278
21079
1533
18723
18863
21698
15592
16941
17188
17365
18506
14656
17537
18120
17159
17872
16053
196
197
8812
2641
12762
12524
